9805 4997 4936 8501 7672
739 1181 6976 7099 5052
1544 4416 3443 1294 2348
1585 3740 2067 3391 7598
7252 8912 4399 8905 8994
8582 7153 2782 1226 9488
9805 7799 1038 9403 6378
4570 9644 9124 1346 4140
470 2321 1239 934 9710
1142 6996 7423 7296 5912
2178 7403 3458 5506 9969
2529 8803 8440 6140 881
546 2965 9673 713 6859
3849 114 967 7286 4371
9314 3374 8446 1627 2802
6435 9331 1316 3972 5707
1799 3753 1873 5798 2730
8103 6399 373 8953 6160
1059 926 4807 8868 3282
3164 1130 4934 2841 8569
2335 1160 4769 3807 9071
8733 6493 2153 615 7842
5098 5344 5960 413 8963
1509 2611 7796 1364 2075
4248 6583 53 2856 8974
3255 2354 8187 1881 2940
8075 1184 5374 7000 6140
5587 2847 320 9396 1200
2421 2341 1990 9027 8184
7167 2290 7904 8424 8512
9573 8298 889 996 7443
5721 5794 550 4578 9839
9599 130 5513 1738 4762
9470 3351 9892 7207 2286
2010 1330 4149 6506 1178
4944 8274 4499 1348 2991
1566 1480 6170 729 2009
2671 7140 5976 1324 5242
1912 8733 8931 7983 8914
6091 2171 1743 7833 3388
6510 9744 4426 4937 1276
388 7285 602 2960 9350
2454 2186 3984 1823 573
9314 5961 1328 2646 7485
7698 180 5051 974 6986
1661 2682 1978 7056 9832
4220 2064 2043 9786 9087
7352 2591 6875 7077 3472
4197 3401 8103 2782 933
9201 3698 5023 6965 5902
877 5986 7594 2758 663
3695 2268 8308 9112 9013
472 5338 1418 4638 2023
424 1849 252 9135 3389
9886 5873 5337 9259 2087
7772 979 1634 9670 5378
1703 1776 8338 155 1471
4255 9682 3342 214 1516
4551 9744 1260 7174 9831
1909 8831 7182 2631 1016
3550 4012 5483 7323 3897
1503 4376 6494 3235 7215
6878 634 9315 789 9418
5015 5866 493 1777 3565
5952 9627 8767 8596 6040
8139 5835 1877 66 6503
2000 3370 9029 128 675
3895 9851 1171 1765 8460
7357 2395 2453 361 7569
2285 5333 4053 624 5655
2594 2860 4299 1896 3878
166 7508 2807 4546 7391
4732 6810 5643 6739 6543
423 8238 8215 99 4039
8935 7823 6316 929 5024
6860 6698 3765 3475 4340
3373 6755 2042 9688 1477
6799 7124 8164 1669 6881
2580 8497 5993 5741 1600
6897 8669 242 2449 2873
2946 4043 2917 6142 9154
7702 1958 1749 1094 7474
827 5881 579 3641 8769
6298 3399 4790 8100 9233
5078 8894 819 7327 2235
4620 5798 2552 7470 3936
3561 2544 4678 5391 1398
9617 9933 9367 9361 9379
2081 2109 1200 558 3727
8995 156 1493 8433 2773
4282 1894 7596 4683 3356
8742 6010 6751 6516 7057
6616 2515 3326 1865 7453
7682 8885 9090 1551 9239
9308 648 3437 5582 108
3193 376 8329 2328 2337
819 6867 8270 2075 9632
3978 3016 6919 1266 7417
1623 5638 320 4290 7764
4793 8651 791 534 2809
4695 5167 3672 4721 340
2254 8837 7713 1396 5519
5672 8622 20 9643 9486
7581 4905 1046 2424 8767
7178 2822 5170 3693 3344
7643 6100 3545 7052 5514
6625 9194 6118 602 2004
4546 427 8466 373 5457
8204 8981 1018 2220 5192
5649 3531 1914 7683 5753
9118 7748 4314 3916 8030
1262 994 9315 1830 1358
1127 4624 4257 3009 360
4590 6417 8566 9970 4244
9007 5167 2758 1017 8995
502 4122 3121 2833 2164
8305 3561 3193 5583 5705
5333 6196 5794 4652 6116
1654 2499 1808 111 1184
4724 5272 6244 3935 4545
458 1596 9671 227 7570
8475 6199 4627 7058 5039
7702 3882 4893 2764 7959
7781 8541 923 780 6608
3480 5983 2069 6724 3128
4887 3040 3917 4775 274
6910 209 7551 8980 5187
1430 6751 6560 5204 4011
1174 5303 803 6204 8882
1726 5455 2581 4179 9280
782 436 5483 8629 17
5873 2638 2135 5051 337
577 6993 2605 8135 3832
4067 7964 4208 6664 3310
2849 9095 576 2558 2688
3964 5013 7174 4757 3070
9199 9918 4787 6943 6443
4890 6705 4518 6524 432
7562 8378 459 6775 845
5330 1579 6509 2766 1398
9751 6835 4707 1343 6295
1901 6261 1112 1342 8663
5382 9536 8810 1568 9267
2139 9929 1202 2074 1018
7900 1394 3272 7070 7220
66 9135 6418 7234 6880
537 7718 1761 6366 5093
6010 6290 4876 9546 4529
6468 3056 3877 1582 684
4940 8577 9446 1107 5776
7573 1991 6807 2025 8295
89 5259 1202 7537 3223
6931 495 751 8052 8991
2913 7056 6608 5451 2244
5685 211 2302 8342 0
7074 6657 9960 1132 2451
168 6239 618 609 5746
6842 5570 4047 3998 6294
3794 6885 967 9126 1824
4694 8283 4140 7911 4909
5594 6748 178 1561 5772
9810 537 2134 1016 7472
4295 2151 6138 9232 7367
2773 8614 1281 3154 1899
8932 2578 2680 4038 9335
3752 9001 9049 2554 2248
947 2002 5465 4811 9174
2150 939 3880 5484 2204
6691 3066 9483 5890 294
2520 1003 3703 9004 5523
9756 2304 3334 7361 4941
637 6188 9044 5405 5457
5270 2275 8192 1707 6265
4842 5643 193 8588 1509
6337 5456 1827 1550 3235
9475 5523 9470 689 1347
7436 3435 906 268 2086
6310 5588 2600 8139 7177
6520 136 438 7618 406
1634 7833 1695 5973 3017
1105 2016 8860 1083 8739
4179 2741 2297 2487 7980
1554 5739 1356 3628 22
3733 9556 9630 5607 5165
3198 8488 2946 3945 8145
4506 8150 3177 5227 6680
609 3647 8663 317 9258
4836 3899 8659 7544 9449
2398 9847 232 4109 5144
2868 1171 2515 1715 8655
4720 1824 1835 818 3168
678 3491 2003 6896 3230
2142 3081 6180 6987 7506
5868 770 720 9007 1910
9540 5133 5308 8636 7624
5775 2867 8199 2477 6605
5083 4784 4151 1570 8684
2933 8028 6007 3182 9241
1911 2470 7494 3400 3368
9818 1660 4779 8136 1004
1628 2835 8513 6489 6283
4573 7835 5543 2760 7581
2716 7868 3958 5018 6625
8241 5303 8341 717 4715
8943 946 1673 5369 4361
6591 6275 9091 3994 2171
6537 4508 4555 6785 3833
9770 9231 9656 9242 2013
2748 8192 5783 5575 8716
6422 841 108 183 4236
2317 50 5806 7448 4454
1887 2753 8055 8590 9163
9625 9823 952 5545 268
5561 5523 8630 311 7007
8954 9279 2156 6424 690
6405 3042 1659 9764 7529
1506 9792 6261 1610 4880
1901 6204 5777 6841 2409
9121 6269 2510 4046 6803
9455 7122 2946 3192 9665
53 7057 2820 749 5532
649 6045 8914 8405 6226
9565 9117 1617 7868 6631
1925 7820 4770 2668 1815
3253 9017 4563 6815 2685
6756 9308 8128 1452 6406
9868 3050 1237 1359 5427
2564 8823 161 1097 1827
9579 1217 683 1747 5320
8834 1569 2640 1296 408
7273 3034 2783 8160 1198
1845 9672 5463 1360 1716
3766 5388 9868 7427 5484
8773 5626 7420 431 1762
4692 8513 183 559 5060
3319 6053 8451 5399 2805
9117 471 8768 9024 5918
9338 5960 1522 7359 508
8419 5865 8727 5791 3693
7784 2196 987 2711 6267
7398 410 6321 9745 3323
5482 7845 1047 9711 2751
6502 4405 1807 9451 816
7631 7306 4026 5370 4468
7419 2305 3617 2773 695
8255 1431 9281 6851 821
8540 3848 1981 8574 5066
5408 9238 1106 1215 2114
1881 1457 9439 5774 8737
4666 6879 2197 1289 154
3834 2890 2070 6860 9886
8428 959 1579 5527 4482
2707 2866 2645 398 3371
2406 7893 1090 7651 7093
560 7489 2318 737 65
8180 5349 1804 3622 5382
3611 4866 8116 7460 6841
8545 3364 4312 7735 9306
1836 7831 6334 8370 1593
5472 2155 39 1359 1490
7131 8700 2769 4695 2171
8744 417 4769 4868 6617
1979 8104 7999 1755 93
2432 569 3503 1691 164
6166 1428 3044 3942 375
7590 686 8590 1380 529
5434 8712 6790 9545 1762
3985 3343 75 4883 6094
1064 7688 1622 9542 6816
6394 9534 2232 2641 4535
1245 7811 1091 9920 6951
9304 8023 7438 8435 8586
8255 437 6913 5030 9050
551 9138 4931 3607 5784
4678 111 3784 9202 959
9898 2116 8043 5791 4222
8518 1746 2670 9040 1512
437 9244 579 248 2131
3143 5324 6916 2779 7711
1834 4114 1006 3526 2598
426 1663 4431 9422 3420
5408 7136 3161 121 7939
6105 4874 1440 2543 2582
9428 591 620 728 3540
4099 5956 9092 1393 1195
1487 390 7919 1027 260
2296 3075 962 4432 1125
8502 909 8920 8798 7113
9508 3773 2833 2539 5195
989 3569 8342 9483 4556
1801 2427 9933 4321 3766
1467 4616 8008 9873 5012
6616 7737 1550 6240 6534
8315 6864 4764 501 9653
566 9496 5881 5214 3455
4033 2411 157 5253 6172
5206 5550 3506 2295 5889
2708 1684 5715 9336 233
663 1192 1014 6746 8895
7467 922 2928 3338 7497
2519 5885 4091 137 6245
8381 5039 9753 3497 2541
3224 1566 6 3356 9244
1136 8947 6663 6101 9799
9970 6980 7922 237 7670
5141 5145 1443 6541 928
5656 3396 5068 1492 4231
7124 61 3077 2537 267
2172 9645 1813 1433 4760
9707 2004 9880 1101 7332
9007 1462 827 7335 6395
9507 575 6370 909 8358
1026 3127 5749 6563 6799
2125 7347 4036 957 3855
1551 6317 2703 1330 6852
2000 5570 21 953 3035
425 4221 1131 1182 7616
1310 4243 2060 4268 6713
6 6652 6177 2317 3433
211 5204 2852 1299 1008
2249 1713 1743 518 2665
5827 2907 4988 2697 7230
9323 8049 5534 4141 4706
456 5736 8131 3690 8367
9365 815 7756 1323 722
503 6409 491 25 518
2690 9198 4187 9632 3423
129 5711 8665 8817 375
571 9652 988 4244 1122
6735 7934 102 3045 9001
7605 2475 7022 623 8214
8395 7555 6144 1965 8193
5376 7567 1324 5257 1178
8747 2022 2580 7742 972
1091 7462 8842 3117 9418
3879 9662 2771 3284 902
3271 6047 3978 9665 1712
3681 4174 2146 4786 6912
2514 8748 385 4799 2335
2391 93 466 5326 9941
9033 6709 1571 5510 5792
2669 8728 1090 4173 7561
1963 190 893 8903 390
1562 5687 3130 2696 2352
9168 9693 5583 4996 1963
324 239 2066 9199 4358
9004 3394 2108 5434 9774
5865 2165 7040 5390 9126
9281 2009 1152 6326 3497
889 7836 7201 38 2180
1285 3636 7138 7826 9351
1653 1389 610 408 9535
9219 261 8315 2589 8332
6773 2246 5367 2866 1407
5466 9697 1861 8148 2295
1458 6653 1778 4132 255
873 6874 3 584 7597
6627 8820 3606 9432 2196
7597 5545 2278 3409 6402
755 6851 5948 5980 9117
2493 1228 1195 3628 2100
9784 5576 7698 7331 3321
4985 101 3143 1615 2123
8810 843 7866 6880 380
8461 4451 1887 162 193
9305 4294 6825 121 1017
527 6002 9810 4583 6113
6388 9027 1850 9914 2006
2195 9247 8451 6931 9575
878 4123 475 6869 9760
1536 1678 8630 2341 6567
3419 7239 1610 9845 8840
6677 2869 5884 8699 3269
9826 7170 848 9449 2114
202 4074 7602 1443 472
6637 6210 4731 2280 6007
9826 9741 3152 779 3403
9199 3662 4664 6324 1498
1555 5015 2829 754 3546
5379 8256 6234 3668 52
719 8411 1129 4615 1305
6541 2112 9756 5164 547
8841 6852 3563 9989 2738
2195 6790 125 9466 1504
5579 8295 3048 8207 5438
8463 6513 766 7081 592
2797 6157 3504 4169 5063
8131 7991 387 4021 1463
804 6829 2025 5481 8857
836 5366 4021 8875 1352
711 5338 1769 1599 7535
5911 203 910 6520 5081
8986 7843 8570 1487 4543
5656 1399 7383 7563 8044
7502 4342 1869 9377 9851
2625 6176 7363 9521 51
4759 1942 6698 3055 4119
1936 8875 3031 7840 317
1274 5094 137 7671 5650
3013 8359 1966 1038 8923
1326 8256 3443 5617 2111
5123 8011 5571 7388 1096
8806 3192 1150 3791 4397
5337 1543 9042 519 1878
5141 7266 8282 308 3634
6213 3818 5109 2782 561
5325 324 4751 1752 3386
7154 8595 5536 9232 9859
6818 5546 6417 3757 2535
4392 580 3887 4357 1867
1039 3874 2206 5170 2724
2309 2264 8821 5212 6790
8957 3438 5396 4656 8527
5710 8461 8224 8931 445
2210 6529 2955 7906 669
2229 1183 8543 2461 1432
2569 5816 2418 6140 9686
277 6816 2645 216 7296
7088 1714 5806 3720 8365
4305 4743 9286 2150 5505
4039 2517 2677 5936 3983
4586 523 8206 8202 9400
4283 1724 3114 1034 7935
4911 8772 8904 1507 9421
9667 5420 1821 945 1095
4602 4548 4387 2418 5322
4120 318 3681 11 1275
6695 2246 3974 1770 1453
2482 190 6265 9540 2624
1355 4284 3827 3969 5727
6486 1761 5896 3426 6908
189 369 2108 6827 9338
3029 5877 5327 8626 7105
8493 6738 8446 7019 910
846 6380 8991 5270 7359
7913 1889 7062 512 6701
5859 5491 7413 2584 2171
7995 2196 8087 5250 626
5758 3556 9450 7753 7380
3793 7929 1887 2711 6322
33 3921 6543 4801 471
3528 786 6431 5868 416
788 3691 36 8541 9745
7534 3159 7790 2657 6862
2373 9083 1697 3524 4248
8673 9771 6596 2021 6955
9873 4774 4420 9039 7
3172 5749 2221 8506 177
4738 2897 4399 656 938
5285 6616 8810 3220 7922
3909 1673 9982 7530 2675
1218 6919 5576 1581 9684
6858 3287 7638 3749 5768
3220 3036 2591 4191 8670
2917 5258 77 9668 220
5334 783 7264 8193 6870
6406 2720 8396 7853 8569
8854 9286 9641 3889 143
9778 3114 2163 3309 1394
9746 8298 8164 7015 7094
8475 8560 1746 7098 3158
636 3310 100 2334 551
3377 8725 932 2961 6445
9843 234 3243 2564 50
8509 2215 917 7116 9269
5043 3561 9229 4221 3727
1212 4294 9062 2113 7635
8322 2178 6631 17 7506
9960 9589 9811 6880 6416
1404 3503 9491 2093 2015
7814 5790 3825 1905 2204
3792 4521 9345 9765 3509
4381 2804 1726 273 5251
6209 3016 6401 6736 3226
108 9210 280 8881 6636
4867 3222 7257 138 3288
7337 6552 9073 4638 9812
245 3199 9890 344 4370
4367 3865 2080 3680 3593
7462 1360 9502 6300 8773
4417 2444 5703 9810 5991
1296 6200 1 4823 8942
9273 660 9700 8306 9120
1985 5076 7487 1346 9562
2471 2170 8766 8127 7548
9388 3148 8459 3310 9006
4631 9430 4205 2761 1275
5778 3100 9773 651 7864
2678 8567 8947 7382 3466
9857 2231 7657 8979 3092
8150 4367 1651 9335 7561
2382 2412 2171 138 6034
9274 4569 6656 618 9248
7394 1948 995 8158 78
5343 7818 2408 2987 7851
2160 1759 8320 8660 9091
9515 2975 4059 3270 240
3576 6858 6511 761 7963
3904 9306 6265 1637 9761
1145 2386 483 9672 6748
8264 816 4364 4724 8273
8271 8736 5583 5481 9177
2922 926 1606 7797 3581
7114 5609 7151 4263 8649
843 4673 1666 329 9077
2959 64 2541 8919 5384
9808 3432 3826 1715 3308
2762 5277 1406 7765 5642
3318 3502 5508 4356 2632
1900 1874 1381 1203 6202
6119 7958 6134 9429 236
5798 8581 2410 7957 2892
12 194 1779 9913 4095
7043 2034 1605 9831 4128
693 499 2796 2443 1175
4359 1373 3316 6451 4491
1017 8651 4743 7387 5972
5806 7077 9816 6193 1170
7033 1309 7589 3935 1188
5869 7805 3899 3609 1949
9739 7386 3925 4666 1984
2741 7887 1411 6301 348
9942 3974 5118 6307 9481
8146 2159 6598 4768 5594
3874 6014 2389 5161 2199
370 461 9449 8063 3277
2601 5515 8030 3047 688
8355 6737 8442 7874 2540
5581 6693 7335 298 5825
1049 122 2466 6188 3809
2715 9283 9662 9316 3392
77 8565 9716 7144 7909
226 7941 2315 5049 4662
7728 4860 885 4510 7482
2104 269 1541 6319 1499
278 9828 2060 6255 6371
3714 3133 3740 1673 6609
6283 5376 3767 6622 5871
9432 5915 1256 9019 324
7082 990 7258 2674 1755
5014 9573 3048 909 3439
4117 426 3663 8833 9649
670 1375 4559 5008 250
8199 2140 9424 2415 1144
476 7482 2345 8302 3133
3237 7409 6409 8064 3915
2716 5098 6797 8317 1911
9032 224 6958 1696 4845
7856 6956 4902 5548 999
6319 2541 8932 400 5141
7321 6436 1159 9644 1554
6253 1146 7388 1379 6080
6625 3667 6988 9691 8954
4620 3109 5760 2247 5397
6303 5621 2460 7192 4745
2453 2241 405 496 4118
2669 1608 9935 2133 6631
1138 5083 6652 3894 1098
490 8465 4343 2751 8786
8953 8361 4986 853 7712
5078 4736 2064 9667 7048
6399 1970 4972 1655 2583
4649 5879 2479 3659 3305
4512 1780 1019 3309 8258
6054 2356 2791 8664 3052
35 348 6474 7971 8751
2559 2530 8452 6724 1921
8063 8273 8982 2614 8717
2303 1857 7886 3743 6672
5133 9222 8109 8424 3734
26 1708 7318 9218 9542
2800 1515 7423 5214 484
6810 8083 7150 7175 6268
6799 9460 2060 4394 9413
5921 321 1411 9209 8216
1879 929 6526 3735 5720
8071 8475 323 3340 3451
9806 734 6315 951 7741
3094 6622 8922 748 2281
5807 2117 2375 5093 2023
1453 2233 8165 5741 5900
4837 3234 7394 3186 2875
8873 9460 6396 3645 5467
8604 3534 608 3397 7380
3979 3029 529 9638 4426
4583 2641 4669 3755 5616
2648 8488 6036 5874 6065
893 2380 2625 3953 974
2982 4813 8161 1405 6000
1339 3549 7590 4425 3709
4998 7954 2911 7309 1943
4450 3987 3016 7833 5500
4160 4071 5541 6630 803
541 6137 1014 6099 8437
973 9009 7637 8570 6631
2955 1942 1157 6076 559
1824 8495 39 1021 6987
5521 6879 8916 1581 2314
18 3826 7708 5569 9545
9032 8965 7570 5335 2365
7525 114 14 9763 2252
3208 5283 3764 7918 855
1377 2416 3682 7185 8993
590 2374 7352 9998 1709
1728 4337 7334 6197 173
8856 1077 2918 1507 8359
415 1170 1291 3658 9154
1671 6299 624 3858 7278
2841 172 2905 9942 2319
3126 1068 8927 4935 1702
5554 2734 7792 1016 3886
4658 8086 1893 6151 2920
1025 7141 8574 8504 1723
5341 9878 9520 5970 2782
9125 9670 9793 824 1994
5616 5073 9734 9744 4850
4695 8395 1212 1007 2619
9879 813 7807 3840 152
5895 5544 2365 3749 8507
931 7311 9593 4972 6555
4593 8 1060 6433 6015
8214 7864 5502 9828 7726
1702 2676 8607 7525 1465
4657 3430 1282 9699 5266
2291 1733 2087 232 1976
846 5945 516 3469 8352
6165 2374 4984 5460 8383
1319 1210 2487 6557 4129
540 8946 660 508 552
4580 5924 3040 2458 8423
1919 2151 5222 7772 3334
2777 1325 3929 4296 8638
5311 4479 9245 6744 1561
5129 6837 6339 2007 1948
2004 9608 4481 5307 6305
7473 6870 2558 7612 6334
778 88 6532 2898 8580
325 8887 1904 5190 4090
9529 2170 4875 2812 7883
6838 3761 5076 2611 56
3670 2409 3252 5750 6701
1556 4297 956 5299 904
3615 3178 1718 5138 5153
7435 8003 7904 353 3745
4424 2493 5289 4542 5598
171 3637 8942 2625 2485
8928 6530 9449 6133 7234
8245 5560 799 7329 2133
506 8282 1669 8563 7443
8027 2607 3950 6060 6522
8933 6310 7661 3132 5019
1909 8905 1533 7655 2275
8681 6319 2214 3607 1227
1832 471 185 2730 6214
4064 3203 2379 4274 1861
7647 3432 6043 9691 9951
2245 354 2000 2248 6846
1128 5371 9749 2089 9381
1731 702 4060 2191 8696
158 8879 7437 7371 3780
3195 8277 9140 7389 3913
8737 2165 230 5707 9308
4232 5671 2985 1084 992
4383 9999 3378 1730 9029
434 2650 1723 9962 1443
7495 2273 3315 8145 7323
1930 9700 5247 1360 4222
3406 8854 9685 143 6286
8074 6304 32 5137 4397
1316 7997 177 155 666
9281 1744 5089 9492 2430
8729 1289 745 3882 6760
4459 614 1558 4963 2195
9903 6954 6527 2343 9875
1245 4898 5941 54 2394
6161 3995 5632 4687 8971
9194 1084 8121 3677 5194
1739 5476 2025 2898 3292
3194 6908 8479 121 491
3998 6191 5645 3710 5809
6457 1279 8801 8087 6970
4706 2591 4816 4520 7832
6154 3038 6772 1084 907
1634 8519 3211 2076 575
6117 6555 8616 6723 6731
2337 849 1399 9929 4220
2371 277 194 6792 202
6983 4898 1711 6167 5433
7345 8163 1547 3769 8623
1658 740 681 5295 6937
2389 6979 5806 7548 7292
197 963 4029 2636 3640
9415 3037 2317 3803 2251
4052 1786 2890 2301 3650
1868 1662 6298 6091 3430
5487 1025 451 7753 6907
2680 5162 5104 5711 8436
3354 7872 2346 9854 2888
2680 1836 8437 6159 3374
223 5484 9913 1183 1753
1243 402 8242 7119 2140
294 3958 4391 8042 4122
5284 189 9233 1053 5088
4185 8252 2184 7738 3677
713 3053 8461 38 9624
6658 7925 7163 2443 4912
9438 9687 2629 7450 4275
7499 9795 5902 3167 8560
2571 3216 940 8666 8731
8052 6798 1689 50 6787
5777 4018 8841 642 9811
8644 618 4264 8799 8801
2608 1569 2714 9153 6202
338 3222 8465 6639 24
686 1770 5296 8352 3829
1497 9118 518 2576 4920
4701 8274 4084 8691 8168
992 4447 985 7907 3243
3088 9281 9623 1618 1239
5551 1192 2977 7077 4999
1454 3456 6793 4147 209
211 3503 4398 9736 9266
4355 5213 3620 586 4546
4039 7850 8652 2442 7806
5752 6226 6625 4828 9586
7714 6944 1686 5673 2110
6566 338 2712 8972 1352
8751 143 3370 9308 3048
7915 7085 7480 1312 1532
502 2263 197 8442 1855
6223 8955 1733 3145 3979
7165 7233 2785 291 2239
1024 4547 3921 5985 1343
5796 4883 519 4653 1414
3798 5210 9618 8749 1356
6603 947 7631 1068 5560
189 8054 8864 1690 3970
7827 8455 9035 5284 680
2397 6534 6410 2695 110
9989 1380 2369 7489 1797
3192 1819 3796 1374 501
2712 6039 9110 448 7179
1829 9544 7505 9442 266
6208 9427 5867 7626 4207
7863 1700 5021 6828 9833
1795 2073 5896 377 9112
4396 9569 1938 4894 2094
8587 5914 3884 6704 9795
1927 7184 3088 5353 4490
9135 981 9048 7316 6758
2270 238 3250 890 6751
1728 1548 2685 3783 1043
4517 7364 1479 990 1436
5486 225 9388 5370 1917
878 3203 5061 8520 3186
4454 4942 2229 3913 9688
8457 1761 4670 181 4955
6979 4058 8306 6181 6271
5182 3790 6915 447 8674
2330 14 5099 6750 5635
5311 147 1212 5110 8365
2124 9200 9335 4056 3034
7086 9482 8686 8800 4140
875 5117 677 5769 4450
607 1820 4952 3518 7612
6426 9327 2793 1015 7011
673 9151 1869 1129 1002
2106 5368 66 1415 3508
9487 2311 6407 9954 9913
329 435 5716 1099 1910
1358 6516 543 3140 3276
5106 9108 1521 6379 695
2152 2862 797 3841 5345
6630 4844 9251 2915 1715
7148 1511 284 37 7376
1741 4594 1644 4813 8059
8900 8758 4361 9969 6722
5164 9075 5513 2537 3936
3416 7288 6155 9889 836
3577 5728 7631 6272 7948
6688 9274 6922 4433 7960
5402 610 1181 8498 9162
2798 7818 9739 2341 4493
446 8716 8424 7240 1665
7021 6614 3617 2934 9065
5396 2594 4311 9939 1567
2884 9773 7386 3305 8293
3328 951 4048 4613 959
702 6603 5888 1458 9000
1936 1056 5463 3880 5222
2459 4276 313 658 8044
935 231 2288 26 4726
1823 5087 5692 6472 1782
7210 2023 8572 1860 830
240 1166 8067 522 7081
2645 3463 1563 2946 9940
8409 4521 7101 3378 9865
1915 4582 3703 6788 3534
2410 4530 2158 6818 2531
6141 4433 1687 3143 6028
2981 2587 6234 7593 3526
3072 2582 2657 665 8929
5234 6202 747 2586 3327
6204 49 2680 64 6584
7472 468 3939 2748 5884
6309 1887 2574 8734 5801
2653 885 773 7075 923
9613 560 2001 1161 9973
8480 953 9820 1219 8184
5748 6509 2067 4938 4467
9851 1273 3271 4490 1365
8370 3160 618 1834 5913
3097 1446 293 8293 1387
9559 3290 9537 8726 2362
9262 9622 8298 6539 953
9367 8549 1467 3518 8543
2764 766 8246 5167 4015
9835 1887 9704 21 4961
1098 2000 2010 6118 2834
2718 667 6228 9140 1551
2594 334 7596 7660 4613
8272 6303 6894 2985 1741
2728 5936 8688 5991 3615
7536 7315 3566 9731 551
3248 2060 5227 5790 6037
7375 253 6891 3092 2484
4926 13 2815 2165 5612
1167 9912 718 359 2989
3183 2459 8487 9396 7566
6533 7737 2293 4090 3880
2332 8506 2730 5561 5948
9644 755 5612 4031 4562
1128 1239 2222 1158 3346
1406 7028 5483 8072 7661
8264 3186 6906 4048 9407
4041 1178 764 9217 3525
1337 3507 8628 2181 6342
6618 6287 3328 5056 6821
1618 7742 5875 8032 4959
4155 1456 5498 1529 2497
9906 6566 1981 1485 4169
2535 7309 8776 5474 7979
4541 4428 1070 776 9056
8452 3357 7304 2680 1251
3904 2591 265 2229 890
1438 2182 1757 9433 1951
2014 9598 5915 4117 9656
2703 2123 2307 3810 9058
6091 2213 8084 8369 6905
9615 2794 744 2744 1674
6684 7993 47 1813 4897
4850 3895 3723 8061 7948
1164 2816 6702 5194 6296
1739 727 123 4642 7820
8205 311 5597 6721 3807
8887 4713 6781 520 5218
397 7471 9446 4481 5072
1743 7472 3448 9539 832
9117 7526 2795 9561 5963
4249 9880 4547 815 1669
7202 831 9586 43 3489
5675 3558 5867 9202 9103
1648 7348 6376 9941 7232
4576 5581 9702 8684 6898
4928 695 9756 993 4835
2665 5492 4456 717 4101
2363 1613 8592 6993 249
1253 6191 759 4302 2132
2863 4534 1566 8103 3197
2491 6958 2314 4254 1374
7967 2327 5806 455 6741
6257 49 3735 8665 2827
7026 3946 8464 7163 2614
2023 6763 5201 9821 4576
2597 5145 7028 5568 7164
2242 7541 507 2363 5310
4314 2513 3488 7891 3135
9237 4716 7571 4512 7208
3119 1868 1185 4074 1798
5695 1917 8943 1662 2466
1892 1710 5647 7012 8043
3060 9596 19 3015 6883
604 6880 9535 1703 2155
1061 9279 4316 682 2127
373 356 763 7873 797
6457 2935 936 6924 1900
8990 3590 2382 5959 247
4476 5567 696 3227 1004
158 7141 2894 4983 2523
3126 7906 6512 6293 3249
3995 1756 328 7755 3947
2630 4863 6755 7561 2312
1372 2348 1519 1198 8193
7573 6608 7222 5333 4998
9452 3027 9200 7076 6627
9454 909 1034 5120 996
5926 1743 4658 5696 7619
633 2051 7247 9312 9841
3716 5597 2309 5631 766
647 387 6014 8997 1278
3620 8084 107 9414 4532
6169 3256 299 5630 8040
2445 9531 1325 254 2264
5062 1561 9233 428 8325
7002 2567 4562 6734 92
6099 5276 1080 9728 9964
2334 5610 19 9373 4064
7277 7478 3116 7649 2165
3699 4058 4500 2622 8098
5686 4293 1140 9256 7684
8701 3488 483 5474 8379
1839 2862 1998 1271 5432
1134 4550 3892 1059 9137
2179 8928 282 1817 5829
4264 1577 2675 7368 5701
7335 6011 4157 577 9858
3874 186 6929 1387 9237
3844 8565 6141 4832 1640
2007 2126 1989 4118 8829
8640 7183 1589 8277 7593
2728 8669 2677 760 663
9081 5377 1753 1762 1001
3305 1782 6373 1008 7738
4460 9668 3882 3640 5036
3527 6169 2239 3381 1070
4991 1891 8474 8152 1050
7191 6627 5083 7977 7586
5522 1844 373 5418 4989
1742 5241 8078 2127 1016
2780 1429 6167 2347 6537
7244 8565 1489 2328 2698
2436 6850 7181 1240 3625
9346 5140 2253 1359 680
3780 1570 7369 2651 3553
921 1646 6506 639 4557
6271 910 962 2571 2700
304 9209 2604 1409 2866
6928 2848 3555 7494 2676
6335 1794 5849 7442 6019
6788 8249 8086 6801 2450
3885 2699 8486 117 9064
4647 5818 4239 1412 1086
0 5098 7968 2980 6363
8423 6821 5140 3657 2023
5329 4388 2808 9797 4352
5432 5309 6168 679 2116
3334 3264 4129 5784 683
5350 1062 6695 4527 694
9486 4281 5758 1600 2221
3682 1989 3569 5825 9441
7597 1390 9615 5502 8652
145 3794 6655 5682 1015
8853 777 6343 3537 2513
8080 4354 5019 2134 2661
1234 2178 1578 7270 3389
9764 4114 3595 833 3747
1194 7903 3108 1754 6536
7357 4210 7234 1959 1487
8668 9402 3986 958 592
577 8712 3225 7835 3355
7782 4878 6080 3698 1274
4083 7941 5405 4389 4212
9368 4972 6494 6962 2899
5945 1970 6039 2183 93
7172 5904 7300 7652 815
8760 4261 4631 8475 2158
2676 2846 8730 420 9853
1078 7175 9875 430 5365
7951 3480 9183 8955 4130
356 2887 8877 1489 4084
5919 2400 5542 5947 8879
3121 2711 6736 2352 5054
864 4183 1927 9771 9868
7286 2930 8608 5660 7105
8911 271 6633 1322 1458
990 7053 187 3255 5424
6534 479 1122 7999 2017
6021 1143 4183 7206 6653
7753 6905 9958 8669 5668
3135 3011 8213 6342 6924
1951 3829 1872 6248 1963
8587 3556 2077 8762 5859
5688 7021 9298 6189 5850
5377 2092 7834 8871 3005
7055 9496 5707 1587 1436
3347 1658 4029 9671 2393
705 6834 1816 3700 2076
3208 2396 862 4129 5085
8830 2373 5077 6119 7842
5866 6045 7664 9044 1456
5570 4480 9178 2696 2104
3443 6001 3253 4689 9037
5520 2705 1758 9318 1569
441 3784 2085 550 2955
2482 7531 4609 5857 3348
6200 8216 1669 4 2628
2221 9790 3488 5585 7423
138 2427 5925 423 1786
1052 3002 3160 4004 3122
1701 3599 3371 7230 7607
